[Passion.jpg]
filters=finetune2=1,0.111111,0.025263,0.058947,00000000,0.000000;warm=1;
moddate=8095501dd6dace01
width=728
height=485
textactive=0
